HMMER3/b [3.0 | March 2010]
NAME  SEED
LENG  98
ALPH  amino
RF    no
CS    no
MAP   yes
DATE  Tue Sep 18 16:19:26 2012
NSEQ  4
EFFN  0.441406
CKSUM 3257695855
STATS LOCAL MSV       -9.7190  0.71793
STATS LOCAL VITERBI  -10.3292  0.71793
STATS LOCAL FORWARD   -4.0502  0.71793
HMM          A        C        D        E        F        G        H        I        K        L        M        N        P        Q        R        S        T        V        W        Y   
            m->m     m->i     m->d     i->m     i->i     d->m     d->d
  COMPO   2.57019  4.51642  3.19760  2.88807  2.87350  2.87716  3.65380  2.53593  2.79306  2.22227  3.38540  3.38420  3.75616  3.23371  3.08064  2.75200  2.97925  2.53284  4.23641  3.13433
          2.68618  4.42225  2.77519  2.73123  3.46354  2.40513  3.72494  3.29354  2.67741  2.69355  4.24690  2.90347  2.73739  3.18146  2.89801  2.37887  2.77519  2.98518  4.58477  3.61503
          0.03289  3.82692  4.54927  0.61958  0.77255  0.00000        *
      1   2.57042  4.31178  3.49084  3.09106  3.38530  3.40725  3.97921  2.65309  2.94521  1.61879  3.48976  3.40081  3.94665  3.34663  3.22216  2.32929  2.90319  2.47971  4.97281  3.64409      1 - -
          2.68618  4.42225  2.77519  2.73123  3.46354  2.40513  3.72494  3.29354  2.67741  2.69355  4.24690  2.90347  2.73739  3.18146  2.89801  2.37887  2.77519  2.98518  4.58477  3.61503
          0.03289  3.82692  4.54927  0.61958  0.77255  0.48576  0.95510
      2   2.78428  4.92946  2.80514  2.45934  3.90142  3.39264  2.80042  3.66256  2.24370  3.18526  4.07531  2.94804  3.86031  1.85900  2.55897  2.79153  3.02146  3.35063  5.18470  3.77814      2 - -
          2.68618  4.42225  2.77519  2.73123  3.46354  2.40513  3.72494  3.29354  2.67741  2.69355  4.24690  2.90347  2.73739  3.18146  2.89801  2.37887  2.77519  2.98518  4.58477  3.61503
          0.03289  3.82692  4.54927  0.61958  0.77255  0.48576  0.95510
      3   2.91472  5.01414  2.47104  1.09200  4.35490  3.24583  3.82981  3.79979  2.70470  3.42466  4.40160  2.90960  3.84852  3.04700  3.10813  2.90233  3.21892  3.48868  5.53515  4.25837      3 - -
          2.68618  4.42225  2.77519  2.73123  3.46354  2.40513  3.72494  3.29354  2.67741  2.69355  4.24690  2.90347  2.73739  3.18146  2.89801  2.37887  2.77519  2.98518  4.58477  3.61503
          0.03289  3.82692  4.54927  0.61958  0.77255  0.48576  0.95510
      4   2.77235  4.32844  4.06156  3.72410  3.51772  3.67588  4.53398  2.05550  3.59115  2.21328  3.49065  3.92099  4.23952  3.95461  3.80788  3.17721  3.13539  1.08447  5.29418  4.02259      4 - -
          2.68618  4.42225  2.77519  2.73123  3.46354  2.40513  3.72494  3.29354  2.67741  2.69355  4.24690  2.90347  2.73739  3.18146  2.89801  2.37887  2.77519  2.98518  4.58477  3.61503
          0.03289  3.82692  4.54927  0.61958  0.77255  0.48576  0.95510
      5   2.93184  5.01599  3.30865  2.70316  4.42323  3.55650  3.56345  3.78865  1.51075  3.27335  4.15234  3.11398  3.94640  2.70886  1.64944  2.94329  3.11632  3.47986  5.35029  4.16247      5 - -
          2.68618  4.42225  2.77519  2.73123  3.46354  2.40513  3.72494  3.29354  2.67741  2.69355  4.24690  2.90347  2.73739  3.18146  2.89801  2.37887  2.77519  2.98518  4.58477  3.61503
          0.03289  3.82692  4.54927  0.61958  0.77255  0.48576  0.95510
      6   2.06674  4.73456  2.83660  2.16303  4.08568  3.32086  3.64136  3.45557  2.34866  3.08145  3.93477  2.93424  3.79562  2.81315  2.39037  2.66442  2.87972  3.13519  5.32176  4.02084      6 - -
          2.68618  4.42225  2.77519  2.73123  3.46354  2.40513  3.72494  3.29354  2.67741  2.69355  4.24690  2.90347  2.73739  3.18146  2.89801  2.37887  2.77519  2.98518  4.58477  3.61503
          0.03289  3.82692  4.54927  0.61958  0.77255  0.48576  0.95510
      7   2.29402  4.21336  3.16822  2.98272  4.03136  2.94415  4.09343  3.54819  3.05338  3.27227  4.20277  3.21426  3.67937  3.40646  3.34025  1.16187  2.77089  3.09330  5.40769  4.11485      7 - -
          2.68618  4.42225  2.77519  2.73123  3.46354  2.40513  3.72494  3.29354  2.67741  2.69355  4.24690  2.90347  2.73739  3.18146  2.89801  2.37887  2.77519  2.98518  4.58477  3.61503
          0.03289  3.82692  4.54927  0.61958  0.77255  0.48576  0.95510
      8   2.93198  4.72201  3.32102  2.91726  2.52782  3.65436  1.94509  3.33635  2.75088  2.83493  3.86596  3.27888  4.07123  3.16949  3.05045  3.00451  3.17012  3.12014  4.13038  2.08791      8 - -
          2.68618  4.42225  2.77519  2.73123  3.46354  2.40513  3.72494  3.29354  2.67741  2.69355  4.24690  2.90347  2.73739  3.18146  2.89801  2.37887  2.77519  2.98518  4.58477  3.61503
          0.03289  3.82692  4.54927  0.61958  0.77255  0.48576  0.95510
      9   2.91472  5.01414  2.47104  1.09200  4.35490  3.24583  3.82981  3.79979  2.70470  3.42466  4.40160  2.90960  3.84852  3.04700  3.10813  2.90233  3.21892  3.48868  5.53515  4.25837      9 - -
          2.68618  4.42225  2.77519  2.73123  3.46354  2.40513  3.72494  3.29354  2.67741  2.69355  4.24690  2.90347  2.73739  3.18146  2.89801  2.37887  2.77519  2.98518  4.58477  3.61503
          0.03289  3.82692  4.54927  0.61958  0.77255  0.48576  0.95510
     10   2.94757  4.77175  3.08365  2.83980  3.25465  3.41060  1.24233  3.64334  2.68418  3.14272  4.18276  3.25065  3.96104  3.20567  2.95223  3.01890  3.24972  3.37942  4.72018  3.20696     10 - -
          2.68618  4.42225  2.77519  2.73123  3.46354  2.40513  3.72494  3.29354  2.67741  2.69355  4.24690  2.90347  2.73739  3.18146  2.89801  2.37887  2.77519  2.98518  4.58477  3.61503
          0.03289  3.82692  4.54927  0.61958  0.77255  0.48576  0.95510
     11   3.18285  4.69028  3.77166  3.49324  2.29687  3.77759  3.59967  3.19857  3.35207  2.66407  3.87857  3.66846  4.25287  3.66904  3.54480  3.32382  3.46953  3.06708  3.93862  1.04504     11 - -
          2.68618  4.42225  2.77519  2.73123  3.46354  2.40513  3.72494  3.29354  2.67741  2.69355  4.24690  2.90347  2.73739  3.18146  2.89801  2.37887  2.77519  2.98518  4.58477  3.61503
          0.03289  3.82692  4.54927  0.61958  0.77255  0.48576  0.95510
     12   2.80046  5.09000  2.70443  2.07958  4.42737  3.37963  3.57674  3.83853  1.73436  3.34371  4.18078  2.87242  3.83645  2.36744  2.46449  2.76948  3.02047  3.48828  5.47592  4.17026     12 - -
          2.68618  4.42225  2.77519  2.73123  3.46354  2.40513  3.72494  3.29354  2.67741  2.69355  4.24690  2.90347  2.73739  3.18146  2.89801  2.37887  2.77519  2.98518  4.58477  3.61503
          0.03289  3.82692  4.54927  0.61958  0.77255  0.48576  0.95510
     13   2.68707  4.74181  3.01646  2.59950  4.18277  3.35350  3.67208  3.47800  1.55485  3.12975  4.02808  3.03868  3.84738  2.84506  2.49517  2.74918  2.48448  3.16726  5.35618  4.09781     13 - -
          2.68618  4.42225  2.77519  2.73123  3.46354  2.40513  3.72494  3.29354  2.67741  2.69355  4.24690  2.90347  2.73739  3.18146  2.89801  2.37887  2.77519  2.98518  4.58477  3.61503
          0.03289  3.82692  4.54927  0.61958  0.77255  0.48576  0.95510
     14   2.95555  4.79627  3.44171  2.96340  4.13933  3.45121  3.79380  3.67857  2.22269  3.20286  4.20502  3.32622  3.95673  3.01708  1.05037  3.04239  3.22508  3.40469  5.24132  4.07738     14 - -
          2.68618  4.42225  2.77519  2.73123  3.46354  2.40513  3.72494  3.29354  2.67741  2.69355  4.24690  2.90347  2.73739  3.18146  2.89801  2.37887  2.77519  2.98518  4.58477  3.61503
          0.03289  3.82692  4.54927  0.61958  0.77255  0.48576  0.95510
     15   2.84635  4.82908  2.87466  2.62964  3.99133  3.33690  3.78722  3.61595  2.45383  3.12275  4.15283  3.08862  3.89030  1.31736  2.73851  2.89646  3.14379  3.34875  5.27191  3.96292     15 - -
          2.68618  4.42225  2.77519  2.73123  3.46354  2.40513  3.72494  3.29354  2.67741  2.69355  4.24690  2.90347  2.73739  3.18146  2.89801  2.37887  2.77519  2.98518  4.58477  3.61503
          0.03289  3.82692  4.54927  0.61958  0.77255  0.48576  0.95510
     16   2.78297  4.95811  2.77713  2.45010  4.32494  3.35507  3.62372  3.77066  1.54299  3.31797  4.18062  2.41903  3.84703  2.78571  2.47057  2.78567  3.03269  3.42547  5.42579  4.12791     16 - -
          2.68618  4.42225  2.77519  2.73123  3.46354  2.40513  3.72494  3.29354  2.67741  2.69355  4.24690  2.90347  2.73739  3.18146  2.89801  2.37887  2.77519  2.98518  4.58477  3.61503
          0.03289  3.82692  4.54927  0.61958  0.77255  0.48576  0.95510
     17   2.63859  4.80873  2.82906  2.16176  3.90351  3.37716  2.97281  3.46338  2.33533  3.05036  3.89034  2.90341  3.79930  2.46730  2.73587  2.66323  2.86821  3.15125  5.19374  3.14457     17 - -
          2.68618  4.42225  2.77519  2.73123  3.46354  2.40513  3.72494  3.29354  2.67741  2.69355  4.24690  2.90347  2.73739  3.18146  2.89801  2.37887  2.77519  2.98518  4.58477  3.61503
          0.03289  3.82692  4.54927  0.61958  0.77255  0.48576  0.95510
     18   3.14613  4.55504  4.40256  3.91169  2.26380  4.21602  4.27446  2.24871  3.77021  1.12386  2.96136  4.14221  4.50219  3.95798  3.94536  3.58038  3.38645  2.32025  4.62640  3.19228     18 - -
          2.68618  4.42225  2.77519  2.73123  3.46354  2.40513  3.72494  3.29354  2.67741  2.69355  4.24690  2.90347  2.73739  3.18146  2.89801  2.37887  2.77519  2.98518  4.58477  3.61503
          0.03289  3.82692  4.54927  0.61958  0.77255  0.48576  0.95510
     19   3.20160  4.61708  4.17601  3.88255  1.08934  3.90064  3.85910  2.73170  3.79089  2.11268  3.46914  3.96835  4.36082  3.97165  3.92185  3.47342  3.50301  2.71891  4.12302  2.49629     19 - -
          2.68618  4.42225  2.77519  2.73123  3.46354  2.40513  3.72494  3.29354  2.67741  2.69355  4.24690  2.90347  2.73739  3.18146  2.89801  2.37887  2.77519  2.98518  4.58477  3.61503
          0.03289  3.82692  4.54927  0.61958  0.77255  0.48576  0.95510
     20   2.55918  4.53816  3.02854  2.65166  4.00912  3.26820  3.75752  3.27769  2.09880  3.00255  3.91141  3.06905  3.80894  2.96391  2.75159  2.66818  1.85671  2.97246  5.30168  4.03654     20 - -
          2.68618  4.42225  2.77519  2.73123  3.46354  2.40513  3.72494  3.29354  2.67741  2.69355  4.24690  2.90347  2.73739  3.18146  2.89801  2.37887  2.77519  2.98518  4.58477  3.61503
          0.03289  3.82692  4.54927  0.61958  0.77255  0.48576  0.95510
     21   2.61054  4.38954  3.27490  3.16900  4.31035  0.80299  4.29130  3.89961  3.34398  3.55930  4.53533  3.43941  3.77920  3.67189  3.58427  2.78130  3.08827  3.43679  5.41675  4.41100     21 - -
          2.68618  4.42225  2.77519  2.73123  3.46354  2.40513  3.72494  3.29354  2.67741  2.69355  4.24690  2.90347  2.73739  3.18146  2.89801  2.37887  2.77519  2.98518  4.58477  3.61503
          0.03289  3.82692  4.54927  0.61958  0.77255  0.48576  0.95510
     22   2.99573  4.42822  4.26930  3.88405  3.34439  4.01597  4.62120  1.13621  3.71124  1.94073  3.28784  4.13582  4.45231  4.06474  3.91308  3.50756  3.29603  1.84711  5.22519  3.95898     22 - -
          2.68618  4.42225  2.77519  2.73123  3.46354  2.40513  3.72494  3.29354  2.67741  2.69355  4.24690  2.90347  2.73739  3.18146  2.89801  2.37887  2.77519  2.98518  4.58477  3.61503
          0.03289  3.82692  4.54927  0.61958  0.77255  0.48576  0.95510
     23   2.61054  4.38954  3.27490  3.16900  4.31035  0.80299  4.29130  3.89961  3.34398  3.55930  4.53533  3.43941  3.77920  3.67189  3.58427  2.78130  3.08827  3.43679  5.41675  4.41100     23 - -
          2.68618  4.42225  2.77519  2.73123  3.46354  2.40513  3.72494  3.29354  2.67741  2.69355  4.24690  2.90347  2.73739  3.18146  2.89801  2.37887  2.77519  2.98518  4.58477  3.61503
          0.03289  3.82692  4.54927  0.61958  0.77255  0.48576  0.95510
     24   1.60047  4.08709  3.35796  3.02764  4.07299  2.90831  4.07326  3.35942  3.03644  3.13739  3.99781  3.21208  3.62783  3.34835  3.34932  1.96076  2.17258  2.91086  5.44558  4.22877     24 - -
          2.68618  4.42225  2.77519  2.73123  3.46354  2.40513  3.72494  3.29354  2.67741  2.69355  4.24690  2.90347  2.73739  3.18146  2.89801  2.37887  2.77519  2.98518  4.58477  3.61503
          0.03289  3.82692  4.54927  0.61958  0.77255  0.48576  0.95510
     25   2.93447  4.49077  4.00094  3.59165  3.18953  3.80014  4.33737  2.36065  3.36195  1.79172  1.46812  3.87455  4.26110  3.74721  3.57248  3.27850  3.23920  2.36130  5.02386  3.78122     25 - -
          2.68618  4.42225  2.77519  2.73123  3.46354  2.40513  3.72494  3.29354  2.67741  2.69355  4.24690  2.90347  2.73739  3.18146  2.89801  2.37887  2.77519  2.98518  4.58477  3.61503
          0.03289  3.82692  4.54927  0.61958  0.77255  0.48576  0.95510
     26   3.10495  4.58121  4.11596  3.75646  3.11980  3.92355  4.42652  2.32239  3.52462  0.93343  3.15854  4.03626  4.36733  3.90389  3.70780  3.49033  3.40162  2.34773  4.98170  3.69422     26 - -
          2.68618  4.42225  2.77519  2.73123  3.46354  2.40513  3.72494  3.29354  2.67741  2.69355  4.24690  2.90347  2.73739  3.18146  2.89801  2.37887  2.77519  2.98518  4.58477  3.61503
          0.03289  3.82692  4.54927  0.61958  0.77255  0.48576  0.95510
     27   3.10495  4.58121  4.11596  3.75646  3.11980  3.92355  4.42652  2.32239  3.52462  0.93343  3.15854  4.03626  4.36733  3.90389  3.70780  3.49033  3.40162  2.34773  4.98170  3.69422     27 - -
          2.68618  4.42225  2.77519  2.73123  3.46354  2.40513  3.72494  3.29354  2.67741  2.69355  4.24690  2.90347  2.73739  3.18146  2.89801  2.37887  2.77519  2.98518  4.58477  3.61503
          0.03289  3.82692  4.54927  0.61958  0.77255  0.48576  0.95510
     28   2.93811  4.34623  4.42468  3.93736  3.43839  4.13738  4.70524  1.58710  3.80587  1.98796  3.28658  4.19066  4.51548  4.10926  4.03775  3.52002  3.21994  1.22551  5.34555  4.11707     28 - -
          2.68618  4.42225  2.77519  2.73123  3.46354  2.40513  3.72494  3.29354  2.67741  2.69355  4.24690  2.90347  2.73739  3.18146  2.89801  2.37887  2.77519  2.98518  4.58477  3.61503
          0.03289  3.82692  4.54927  0.61958  0.77255  0.48576  0.95510
     29   3.20160  4.61708  4.17601  3.88255  1.08934  3.90064  3.85910  2.73170  3.79089  2.11268  3.46914  3.96835  4.36082  3.97165  3.92185  3.47342  3.50301  2.71891  4.12302  2.49629     29 - -
          2.68618  4.42225  2.77519  2.73123  3.46354  2.40513  3.72494  3.29354  2.67741  2.69355  4.24690  2.90347  2.73739  3.18146  2.89801  2.37887  2.77519  2.98518  4.58477  3.61503
          0.03289  3.82692  4.54927  0.61958  0.77255  0.48576  0.95510
     30   2.93447  4.49077  4.00094  3.59165  3.18953  3.80014  4.33737  2.36065  3.36195  1.79172  1.46812  3.87455  4.26110  3.74721  3.57248  3.27850  3.23920  2.36130  5.02386  3.78122     30 - -
          2.68618  4.42225  2.77519  2.73123  3.46354  2.40513  3.72494  3.29354  2.67741  2.69355  4.24690  2.90347  2.73739  3.18146  2.89801  2.37887  2.77519  2.98518  4.58477  3.61503
          0.03289  3.82692  4.54927  0.61958  0.77255  0.48576  0.95510
     31   3.10495  4.58121  4.11596  3.75646  3.11980  3.92355  4.42652  2.32239  3.52462  0.93343  3.15854  4.03626  4.36733  3.90389  3.70780  3.49033  3.40162  2.34773  4.98170  3.69422     31 - -
          2.68618  4.42225  2.77519  2.73123  3.46354  2.40513  3.72494  3.29354  2.67741  2.69355  4.24690  2.90347  2.73739  3.18146  2.89801  2.37887  2.77519  2.98518  4.58477  3.61503
          0.03289  3.82692  4.54927  0.61958  0.77255  0.48576  0.95510
     32   3.20160  4.61708  4.17601  3.88255  1.08934  3.90064  3.85910  2.73170  3.79089  2.11268  3.46914  3.96835  4.36082  3.97165  3.92185  3.47342  3.50301  2.71891  4.12302  2.49629     32 - -
          2.68618  4.42225  2.77519  2.73123  3.46354  2.40513  3.72494  3.29354  2.67741  2.69355  4.24690  2.90347  2.73739  3.18146  2.89801  2.37887  2.77519  2.98518  4.58477  3.61503
          0.03289  3.82692  4.54927  0.61958  0.77255  0.48576  0.95510
     33   1.08149  4.17079  3.41752  3.20766  4.00810  2.99635  4.23493  3.12690  3.22276  3.01050  4.04808  3.36842  3.73135  3.56832  3.47591  2.52185  2.79610  2.78924  5.43985  4.23521     33 - -
          2.68618  4.42225  2.77519  2.73123  3.46354  2.40513  3.72494  3.29354  2.67741  2.69355  4.24690  2.90347  2.73739  3.18146  2.89801  2.37887  2.77519  2.98518  4.58477  3.61503
          0.03289  3.82692  4.54927  0.61958  0.77255  0.48576  0.95510
     34   3.10495  4.58121  4.11596  3.75646  3.11980  3.92355  4.42652  2.32239  3.52462  0.93343  3.15854  4.03626  4.36733  3.90389  3.70780  3.49033  3.40162  2.34773  4.98170  3.69422     34 - -
          2.68618  4.42225  2.77519  2.73123  3.46354  2.40513  3.72494  3.29354  2.67741  2.69355  4.24690  2.90347  2.73739  3.18146  2.89801  2.37887  2.77519  2.98518  4.58477  3.61503
          0.03289  3.82692  4.54927  0.61958  0.77255  0.48576  0.95510
     35   2.97645  4.36797  4.47838  3.99258  3.39717  4.19126  4.74102  1.29311  3.85411  1.91628  3.23924  4.24418  4.55089  4.14876  4.07441  3.57700  3.25363  1.50558  5.33606  4.11795     35 - -
          2.68618  4.42225  2.77519  2.73123  3.46354  2.40513  3.72494  3.29354  2.67741  2.69355  4.24690  2.90347  2.73739  3.18146  2.89801  2.37887  2.77519  2.98518  4.58477  3.61503
          0.03289  3.82692  4.54927  0.61958  0.77255  0.48576  0.95510
     36   2.93447  4.49077  4.00094  3.59165  3.18953  3.80014  4.33737  2.36065  3.36195  1.79172  1.46812  3.87455  4.26110  3.74721  3.57248  3.27850  3.23920  2.36130  5.02386  3.78122     36 - -
          2.68618  4.42225  2.77519  2.73123  3.46354  2.40513  3.72494  3.29354  2.67741  2.69355  4.24690  2.90347  2.73739  3.18146  2.89801  2.37887  2.77519  2.98518  4.58477  3.61503
          0.03289  3.82692  4.54927  0.61958  0.77255  0.48576  0.95510
     37   2.38972  4.23442  3.38913  3.14002  3.93006  3.07494  4.16062  3.05170  3.08207  2.91677  3.97092  3.35613  3.77541  3.47940  3.34245  2.59057  1.25156  2.75155  5.37193  4.14694     37 - -
          2.68618  4.42225  2.77519  2.73123  3.46354  2.40513  3.72494  3.29354  2.67741  2.69355  4.24690  2.90347  2.73739  3.18146  2.89801  2.37887  2.77519  2.98518  4.58477  3.61503
          0.03289  3.82692  4.54927  0.61958  0.77255  0.48576  0.95510
     38   2.99573  4.42822  4.26930  3.88405  3.34439  4.01597  4.62120  1.13621  3.71124  1.94073  3.28784  4.13582  4.45231  4.06474  3.91308  3.50756  3.29603  1.84711  5.22519  3.95898     38 - -
          2.68618  4.42225  2.77519  2.73123  3.46354  2.40513  3.72494  3.29354  2.67741  2.69355  4.24690  2.90347  2.73739  3.18146  2.89801  2.37887  2.77519  2.98518  4.58477  3.61503
          0.03289  3.82692  4.54927  0.61958  0.77255  0.48576  0.95510
     39   2.61054  4.38954  3.27490  3.16900  4.31035  0.80299  4.29130  3.89961  3.34398  3.55930  4.53533  3.43941  3.77920  3.67189  3.58427  2.78130  3.08827  3.43679  5.41675  4.41100     39 - -
          2.68618  4.42225  2.77519  2.73123  3.46354  2.40513  3.72494  3.29354  2.67741  2.69355  4.24690  2.90347  2.73739  3.18146  2.89801  2.37887  2.77519  2.98518  4.58477  3.61503
          0.03289  3.82692  4.54927  0.61958  0.77255  0.48576  0.95510
     40   2.29402  4.21336  3.16822  2.98272  4.03136  2.94415  4.09343  3.54819  3.05338  3.27227  4.20277  3.21426  3.67937  3.40646  3.34025  1.16187  2.77089  3.09330  5.40769  4.11485     40 - -
          2.68618  4.42225  2.77519  2.73123  3.46354  2.40513  3.72494  3.29354  2.67741  2.69355  4.24690  2.90347  2.73739  3.18146  2.89801  2.37887  2.77519  2.98518  4.58477  3.61503
          0.03289  3.82692  4.54927  0.61958  0.77255  0.48576  0.95510
     41   2.94204  5.06097  0.98565  2.30939  4.43223  3.17737  3.89307  4.01034  2.96892  3.62719  4.60511  2.86311  3.82705  3.13274  3.47827  2.91013  3.27994  3.65467  5.60963  4.31372     41 - -
          2.68618  4.42225  2.77519  2.73123  3.46354  2.40513  3.72494  3.29354  2.67741  2.69355  4.24690  2.90347  2.73739  3.18146  2.89801  2.37887  2.77519  2.98518  4.58477  3.61503
          0.03289  3.82692  4.54927  0.61958  0.77255  0.48576  0.95510
     42   3.20160  4.61708  4.17601  3.88255  1.08934  3.90064  3.85910  2.73170  3.79089  2.11268  3.46914  3.96835  4.36082  3.97165  3.92185  3.47342  3.50301  2.71891  4.12302  2.49629     42 - -
          2.68618  4.42225  2.77519  2.73123  3.46354  2.40513  3.72494  3.29354  2.67741  2.69355  4.24690  2.90347  2.73739  3.18146  2.89801  2.37887  2.77519  2.98518  4.58477  3.61503
          0.03289  3.82692  4.54927  0.61958  0.77255  0.48576  0.95510
     43   2.93447  4.49077  4.00094  3.59165  3.18953  3.80014  4.33737  2.36065  3.36195  1.79172  1.46812  3.87455  4.26110  3.74721  3.57248  3.27850  3.23920  2.36130  5.02386  3.78122     43 - -
          2.68618  4.42225  2.77519  2.73123  3.46354  2.40513  3.72494  3.29354  2.67741  2.69355  4.24690  2.90347  2.73739  3.18146  2.89801  2.37887  2.77519  2.98518  4.58477  3.61503
          0.03289  3.82692  4.54927  0.61958  0.77255  0.48576  0.95510
     44   2.11315  4.57784  2.26569  2.40834  4.20775  3.09916  3.77020  3.61165  2.68795  3.26126  4.09862  2.88098  3.70639  2.96032  3.14720  1.91870  2.81976  3.20361  5.49820  4.15928     44 - -
          2.68618  4.42225  2.77519  2.73123  3.46354  2.40513  3.72494  3.29354  2.67741  2.69355  4.24690  2.90347  2.73739  3.18146  2.89801  2.37887  2.77519  2.98518  4.58477  3.61503
          0.03289  3.82692  4.54927  0.61958  0.77255  0.48576  0.95510
     45   3.20160  4.61708  4.17601  3.88255  1.08934  3.90064  3.85910  2.73170  3.79089  2.11268  3.46914  3.96835  4.36082  3.97165  3.92185  3.47342  3.50301  2.71891  4.12302  2.49629     45 - -
          2.68618  4.42225  2.77519  2.73123  3.46354  2.40513  3.72494  3.29354  2.67741  2.69355  4.24690  2.90347  2.73739  3.18146  2.89801  2.37887  2.77519  2.98518  4.58477  3.61503
          0.03289  3.82692  4.54927  0.61958  0.77255  0.48576  0.95510
     46   3.11028  4.51375  4.44748  3.93594  3.10135  4.26783  4.60171  1.78238  3.74045  1.14583  2.97759  4.22872  4.55246  4.01668  3.93806  3.63704  3.35813  2.01790  5.09485  3.88607     46 - -
          2.68618  4.42225  2.77519  2.73123  3.46354  2.40513  3.72494  3.29354  2.67741  2.69355  4.24690  2.90347  2.73739  3.18146  2.89801  2.37887  2.77519  2.98518  4.58477  3.61503
          0.03289  3.82692  4.54927  0.61958  0.77255  0.48576  0.95510
     47   2.94757  4.77175  3.08365  2.83980  3.25465  3.41060  1.24233  3.64334  2.68418  3.14272  4.18276  3.25065  3.96104  3.20567  2.95223  3.01890  3.24972  3.37942  4.72018  3.20696     47 - -
          2.68618  4.42225  2.77519  2.73123  3.46354  2.40513  3.72494  3.29354  2.67741  2.69355  4.24690  2.90347  2.73739  3.18146  2.89801  2.37887  2.77519  2.98518  4.58477  3.61503
          0.03289  3.82692  4.54927  0.61958  0.77255  0.48576  0.95510
     48   2.91660  4.37893  4.26933  3.79193  3.32502  4.02413  4.54291  1.92386  3.62346  1.68560  3.22908  4.05756  4.42434  3.95195  3.85436  3.41075  3.20305  1.32213  5.20450  3.94992     48 - -
          2.68618  4.42225  2.77519  2.73123  3.46354  2.40513  3.72494  3.29354  2.67741  2.69355  4.24690  2.90347  2.73739  3.18146  2.89801  2.37887  2.77519  2.98518  4.58477  3.61503
          0.03289  3.82692  4.54927  0.61958  0.77255  0.48576  0.95510
     49   2.94204  5.06097  0.98565  2.30939  4.43223  3.17737  3.89307  4.01034  2.96892  3.62719  4.60511  2.86311  3.82705  3.13274  3.47827  2.91013  3.27994  3.65467  5.60963  4.31372     49 - -
          2.68618  4.42225  2.77519  2.73123  3.46354  2.40513  3.72494  3.29354  2.67741  2.69355  4.24690  2.90347  2.73739  3.18146  2.89801  2.37887  2.77519  2.98518  4.58477  3.61503
          0.03289  3.82692  4.54927  0.61958  0.77255  0.48576  0.95510
     50   2.77203  4.26872  4.12609  3.61206  3.46910  3.88411  4.42213  1.56320  3.49905  2.13313  3.32903  3.89190  4.30029  3.80832  3.76241  3.23321  2.56824  1.59119  5.22403  4.01382     50 - -
          2.68618  4.42225  2.77519  2.73123  3.46354  2.40513  3.72494  3.29354  2.67741  2.69355  4.24690  2.90347  2.73739  3.18146  2.89801  2.37887  2.77519  2.98518  4.58477  3.61503
          0.03289  3.82692  4.54927  0.61958  0.77255  0.48576  0.95510
     51   3.10495  4.58121  4.11596  3.75646  3.11980  3.92355  4.42652  2.32239  3.52462  0.93343  3.15854  4.03626  4.36733  3.90389  3.70780  3.49033  3.40162  2.34773  4.98170  3.69422     51 - -
          2.68618  4.42225  2.77519  2.73123  3.46354  2.40513  3.72494  3.29354  2.67741  2.69355  4.24690  2.90347  2.73739  3.18146  2.89801  2.37887  2.77519  2.98518  4.58477  3.61503
          0.03289  3.82692  4.54927  0.61958  0.77255  0.48576  0.95510
     52   2.84635  4.82908  2.87466  2.62964  3.99133  3.33690  3.78722  3.61595  2.45383  3.12275  4.15283  3.08862  3.89030  1.31736  2.73851  2.89646  3.14379  3.34875  5.27191  3.96292     52 - -
          2.68618  4.42225  2.77519  2.73123  3.46354  2.40513  3.72494  3.29354  2.67741  2.69355  4.24690  2.90347  2.73739  3.18146  2.89801  2.37887  2.77519  2.98518  4.58477  3.61503
          0.03289  3.82692  4.54927  0.61958  0.77255  0.48576  0.95510
     53   2.78713  4.95640  2.79018  2.45945  4.32476  3.35927  3.62390  3.76948  1.51839  3.31683  4.18111  2.46311  3.85031  2.78623  2.45827  2.79102  3.03630  3.42551  5.42242  4.12770     53 - -
          2.68618  4.42225  2.77519  2.73123  3.46354  2.40513  3.72494  3.29354  2.67741  2.69355  4.24690  2.90347  2.73739  3.18146  2.89801  2.37887  2.77519  2.98518  4.58477  3.61503
          0.03289  3.82692  4.54927  0.61958  0.77255  0.48576  0.95510
     54   1.08149  4.17079  3.41752  3.20766  4.00810  2.99635  4.23493  3.12690  3.22276  3.01050  4.04808  3.36842  3.73135  3.56832  3.47591  2.52185  2.79610  2.78924  5.43985  4.23521     54 - -
          2.68618  4.42225  2.77519  2.73123  3.46354  2.40513  3.72494  3.29354  2.67741  2.69355  4.24690  2.90347  2.73739  3.18146  2.89801  2.37887  2.77519  2.98518  4.58477  3.61503
          0.03289  3.82692  4.54927  0.61958  0.77255  0.48576  0.95510
     55   2.99573  4.42822  4.26930  3.88405  3.34439  4.01597  4.62120  1.13621  3.71124  1.94073  3.28784  4.13582  4.45231  4.06474  3.91308  3.50756  3.29603  1.84711  5.22519  3.95898     55 - -
          2.68618  4.42225  2.77519  2.73123  3.46354  2.40513  3.72494  3.29354  2.67741  2.69355  4.24690  2.90347  2.73739  3.18146  2.89801  2.37887  2.77519  2.98518  4.58477  3.61503
          0.03289  3.82692  4.54927  0.61958  0.77255  0.48576  0.95510
     56   1.08149  4.17079  3.41752  3.20766  4.00810  2.99635  4.23493  3.12690  3.22276  3.01050  4.04808  3.36842  3.73135  3.56832  3.47591  2.52185  2.79610  2.78924  5.43985  4.23521     56 - -
          2.68618  4.42225  2.77519  2.73123  3.46354  2.40513  3.72494  3.29354  2.67741  2.69355  4.24690  2.90347  2.73739  3.18146  2.89801  2.37887  2.77519  2.98518  4.58477  3.61503
          0.03289  3.82692  4.54927  0.61958  0.77255  0.48576  0.95510
     57   2.20630  4.16805  3.09017  2.88258  4.21341  2.27826  4.05991  3.67881  3.02141  3.35930  4.20059  3.12932  3.62116  3.32534  3.34960  1.41027  2.68328  3.14450  5.54051  4.29054     57 - -
          2.68618  4.42225  2.77519  2.73123  3.46354  2.40513  3.72494  3.29354  2.67741  2.69355  4.24690  2.90347  2.73739  3.18146  2.89801  2.37887  2.77519  2.98518  4.58477  3.61503
          0.03289  3.82692  4.54927  0.61958  0.77255  0.48576  0.95510
     58   2.86847  5.02473  2.95498  2.53468  4.36823  3.45590  3.58671  3.78091  1.46805  3.28178  4.16106  2.99837  3.89602  2.30401  2.28056  2.86512  3.08003  3.46204  5.39369  4.14119     58 - -
          2.68618  4.42225  2.77519  2.73123  3.46354  2.40513  3.72494  3.29354  2.67741  2.69355  4.24690  2.90347  2.73739  3.18146  2.89801  2.37887  2.77519  2.98518  4.58477  3.61503
          0.03289  3.82692  4.54927  0.61958  0.77255  0.48576  0.95510
     59   2.65587  4.33628  3.52524  3.01729  3.34225  3.61129  3.91125  2.18090  2.88385  1.88885  3.36842  2.80036  4.01881  3.25811  3.19502  2.91481  2.90878  2.30012  4.91412  3.61843     59 - -
          2.68618  4.42225  2.77519  2.73123  3.46354  2.40513  3.72494  3.29354  2.67741  2.69355  4.24690  2.90347  2.73739  3.18146  2.89801  2.37887  2.77519  2.98518  4.58477  3.61503
          0.03289  3.82692  4.54927  0.61958  0.77255  0.48576  0.95510
     60   2.93169  4.89198  3.10456  2.73563  4.26797  3.42518  3.73612  3.69458  1.10244  3.27005  4.23474  3.16182  3.92939  2.93077  2.42602  2.97714  3.18877  3.40522  5.34200  4.14851     60 - -
          2.68618  4.42225  2.77519  2.73123  3.46354  2.40513  3.72494  3.29354  2.67741  2.69355  4.24690  2.90347  2.73739  3.18146  2.89801  2.37887  2.77519  2.98518  4.58477  3.61503
          0.03289  3.82692  4.54927  0.61958  0.77255  0.48576  0.95510
     61   1.33522  4.10776  3.25982  3.02875  4.16157  2.21753  4.13053  3.47681  3.11774  3.24943  4.12352  3.21298  3.62817  3.41795  3.41828  2.36547  2.66767  2.99874  5.51592  4.30790     61 - -
          2.68618  4.42225  2.77519  2.73123  3.46354  2.40513  3.72494  3.29354  2.67741  2.69355  4.24690  2.90347  2.73739  3.18146  2.89801  2.37887  2.77519  2.98518  4.58477  3.61503
          0.03289  3.82692  4.54927  0.61958  0.77255  0.48576  0.95510
     62   2.29402  4.21336  3.16822  2.98272  4.03136  2.94415  4.09343  3.54819  3.05338  3.27227  4.20277  3.21426  3.67937  3.40646  3.34025  1.16187  2.77089  3.09330  5.40769  4.11485     62 - -
          2.68618  4.42225  2.77519  2.73123  3.46354  2.40513  3.72494  3.29354  2.67741  2.69355  4.24690  2.90347  2.73739  3.18146  2.89801  2.37887  2.77519  2.98518  4.58477  3.61503
          0.03289  3.82692  4.54927  0.61958  0.77255  0.48576  0.95510
     63   2.81125  5.10413  2.48473  1.58917  4.42370  3.29613  3.63821  3.83730  2.01661  3.39157  4.25447  2.80949  3.81940  2.79784  2.70602  2.77261  3.06133  3.49019  5.55032  4.20636     63 - -
          2.68618  4.42225  2.77519  2.73123  3.46354  2.40513  3.72494  3.29354  2.67741  2.69355  4.24690  2.90347  2.73739  3.18146  2.89801  2.37887  2.77519  2.98518  4.58477  3.61503
          0.03289  3.82692  4.54927  0.61958  0.77255  0.48576  0.95510
     64   2.61054  4.38954  3.27490  3.16900  4.31035  0.80299  4.29130  3.89961  3.34398  3.55930  4.53533  3.43941  3.77920  3.67189  3.58427  2.78130  3.08827  3.43679  5.41675  4.41100     64 - -
          2.68618  4.42225  2.77519  2.73123  3.46354  2.40513  3.72494  3.29354  2.67741  2.69355  4.24690  2.90347  2.73739  3.18146  2.89801  2.37887  2.77519  2.98518  4.58477  3.61503
          0.03289  3.82692  4.54927  0.61958  0.77255  0.48576  0.95510
     65   3.20160  4.61708  4.17601  3.88255  1.08934  3.90064  3.85910  2.73170  3.79089  2.11268  3.46914  3.96835  4.36082  3.97165  3.92185  3.47342  3.50301  2.71891  4.12302  2.49629     65 - -
          2.68618  4.42225  2.77519  2.73123  3.46354  2.40513  3.72494  3.29354  2.67741  2.69355  4.24690  2.90347  2.73739  3.18146  2.89801  2.37887  2.77519  2.98518  4.58477  3.61503
          0.03289  3.82692  4.54927  0.61958  0.77255  0.48576  0.95510
     66   2.88632  4.39581  4.16953  3.65749  3.20339  3.94736  4.40504  2.12061  3.48893  1.73824  1.92154  3.94372  4.33152  3.79227  3.72024  3.30535  3.16132  1.82757  5.08099  3.89155     66 - -
          2.68618  4.42225  2.77519  2.73123  3.46354  2.40513  3.72494  3.29354  2.67741  2.69355  4.24690  2.90347  2.73739  3.18146  2.89801  2.37887  2.77519  2.98518  4.58477  3.61503
          0.03289  3.82692  4.54927  0.61958  0.77255  0.48576  0.95510
     67   1.87530  4.12516  3.39632  3.08779  3.99671  2.98632  4.11844  3.06174  3.05983  2.97331  3.92916  3.27681  3.69610  3.40548  3.35086  2.43793  1.61943  2.71147  5.43204  4.21060     67 - -
          2.68618  4.42225  2.77519  2.73123  3.46354  2.40513  3.72494  3.29354  2.67741  2.69355  4.24690  2.90347  2.73739  3.18146  2.89801  2.37887  2.77519  2.98518  4.58477  3.61503
          0.03289  3.82692  4.54927  0.61958  0.77255  0.48576  0.95510
     68   3.15329  4.56085  4.34603  3.89588  1.57352  4.14364  3.99189  2.40043  3.75177  1.54132  3.12115  4.04214  4.46655  3.92526  3.91204  3.51885  3.40106  2.43587  4.28294  2.71098     68 - -
          2.68618  4.42225  2.77519  2.73123  3.46354  2.40513  3.72494  3.29354  2.67741  2.69355  4.24690  2.90347  2.73739  3.18146  2.89801  2.37887  2.77519  2.98518  4.58477  3.61503
          0.03289  3.82692  4.54927  0.61958  0.77255  0.48576  0.95510
     69   2.91660  4.37893  4.26933  3.79193  3.32502  4.02413  4.54291  1.92386  3.62346  1.68560  3.22908  4.05756  4.42434  3.95195  3.85436  3.41075  3.20305  1.32213  5.20450  3.94992     69 - -
          2.68618  4.42225  2.77519  2.73123  3.46354  2.40513  3.72494  3.29354  2.67741  2.69355  4.24690  2.90347  2.73739  3.18146  2.89801  2.37887  2.77519  2.98518  4.58477  3.61503
          0.03289  3.82692  4.54927  0.61958  0.77255  0.48576  0.95510
     70   3.26242  4.65289  4.02311  3.71852  2.62314  3.68042  3.84657  3.28481  3.44200  2.68722  3.92065  3.87695  4.19456  3.83205  3.57812  3.46650  3.56070  3.17389  0.98241  2.62776     70 - -
          2.68618  4.42225  2.77519  2.73123  3.46354  2.40513  3.72494  3.29354  2.67741  2.69355  4.24690  2.90347  2.73739  3.18146  2.89801  2.37887  2.77519  2.98518  4.58477  3.61503
          0.03289  3.82692  4.54927  0.61958  0.77255  0.48576  0.95510
     71   3.18285  4.69028  3.77166  3.49324  2.29687  3.77759  3.59967  3.19857  3.35207  2.66407  3.87857  3.66846  4.25287  3.66904  3.54480  3.32382  3.46953  3.06708  3.93862  1.04504     71 - -
          2.68618  4.42225  2.77519  2.73123  3.46354  2.40513  3.72494  3.29354  2.67741  2.69355  4.24690  2.90347  2.73739  3.18146  2.89801  2.37887  2.77519  2.98518  4.58477  3.61503
          0.03289  3.82692  4.54927  0.61958  0.77255  0.48576  0.95510
     72   2.99573  4.42822  4.26930  3.88405  3.34439  4.01597  4.62120  1.13621  3.71124  1.94073  3.28784  4.13582  4.45231  4.06474  3.91308  3.50756  3.29603  1.84711  5.22519  3.95898     72 - -
          2.68618  4.42225  2.77519  2.73123  3.46354  2.40513  3.72494  3.29354  2.67741  2.69355  4.24690  2.90347  2.73739  3.18146  2.89801  2.37887  2.77519  2.98518  4.58477  3.61503
          0.03289  3.82692  4.54927  0.61958  0.77255  0.48576  0.95510
     73   1.36946  4.08713  3.30859  3.05196  4.10499  2.88452  4.12067  3.39953  3.09550  3.19331  4.07427  3.21928  3.62687  3.40941  3.39046  1.93513  2.64634  2.93897  5.48990  4.25840     73 - -
          2.68618  4.42225  2.77519  2.73123  3.46354  2.40513  3.72494  3.29354  2.67741  2.69355  4.24690  2.90347  2.73739  3.18146  2.89801  2.37887  2.77519  2.98518  4.58477  3.61503
          0.03289  3.82692  4.54927  0.61958  0.77255  0.48576  0.95510
     74   3.18285  4.69028  3.77166  3.49324  2.29687  3.77759  3.59967  3.19857  3.35207  2.66407  3.87857  3.66846  4.25287  3.66904  3.54480  3.32382  3.46953  3.06708  3.93862  1.04504     74 - -
          2.68618  4.42225  2.77519  2.73123  3.46354  2.40513  3.72494  3.29354  2.67741  2.69355  4.24690  2.90347  2.73739  3.18146  2.89801  2.37887  2.77519  2.98518  4.58477  3.61503
          0.03289  3.82692  4.54927  0.61958  0.77255  0.48576  0.95510
     75   2.61054  4.38954  3.27490  3.16900  4.31035  0.80299  4.29130  3.89961  3.34398  3.55930  4.53533  3.43941  3.77920  3.67189  3.58427  2.78130  3.08827  3.43679  5.41675  4.41100     75 - -
          2.68618  4.42225  2.77519  2.73123  3.46354  2.40513  3.72494  3.29354  2.67741  2.69355  4.24690  2.90347  2.73739  3.18146  2.89801  2.37887  2.77519  2.98518  4.58477  3.61503
          0.03289  3.82692  4.54927  0.61958  0.77255  0.48576  0.95510
     76   3.10945  4.50949  4.45593  3.94302  3.10666  4.27345  4.60893  1.75580  3.75038  1.16023  2.97982  4.23510  4.55609  4.02391  3.94765  3.64166  3.35677  2.00568  5.10071  3.89466     76 - -
          2.68618  4.42225  2.77519  2.73123  3.46354  2.40513  3.72494  3.29354  2.67741  2.69355  4.24690  2.90347  2.73739  3.18146  2.89801  2.37887  2.77519  2.98518  4.58477  3.61503
          0.03289  3.82692  4.54927  0.61958  0.77255  0.48576  0.95510
     77   2.69372  4.45772  3.29613  3.12926  4.12686  3.14785  4.20983  3.66131  3.18279  3.29282  4.34130  3.44014  0.91683  3.57300  3.43281  2.85997  3.13189  3.31180  5.32518  4.24718     77 - -
          2.68618  4.42225  2.77519  2.73123  3.46354  2.40513  3.72494  3.29354  2.67741  2.69355  4.24690  2.90347  2.73739  3.18146  2.89801  2.37887  2.77519  2.98518  4.58477  3.61503
          0.03289  3.82692  4.54927  0.61958  0.77255  0.48576  0.95510
     78   3.18285  4.69028  3.77166  3.49324  2.29687  3.77759  3.59967  3.19857  3.35207  2.66407  3.87857  3.66846  4.25287  3.66904  3.54480  3.32382  3.46953  3.06708  3.93862  1.04504     78 - -
          2.68618  4.42225  2.77519  2.73123  3.46354  2.40513  3.72494  3.29354  2.67741  2.69355  4.24690  2.90347  2.73739  3.18146  2.89801  2.37887  2.77519  2.98518  4.58477  3.61503
          0.03289  3.82692  4.54927  0.61958  0.77255  0.48576  0.95510
     79   3.03398  4.39620  4.53896  4.00607  3.29353  4.30221  4.71835  1.47115  3.87720  1.58228  3.11677  4.28410  4.58568  4.12834  4.09006  3.65322  3.28286  1.56779  5.25670  4.07937     79 - -
          2.68618  4.42225  2.77519  2.73123  3.46354  2.40513  3.72494  3.29354  2.67741  2.69355  4.24690  2.90347  2.73739  3.18146  2.89801  2.37887  2.77519  2.98518  4.58477  3.61503
          0.03289  3.82692  4.54927  0.61958  0.77255  0.48576  0.95510
     80   3.00869  4.42542  4.37940  3.84046  2.44628  4.15632  4.37904  2.10959  3.72542  1.33928  2.97554  4.09990  4.44629  3.92098  3.92200  3.48509  3.24767  1.85127  4.84328  3.53897     80 - -
          2.68618  4.42225  2.77519  2.73123  3.46354  2.40513  3.72494  3.29354  2.67741  2.69355  4.24690  2.90347  2.73739  3.18146  2.89801  2.37887  2.77519  2.98518  4.58477  3.61503
          0.03289  3.82692  4.54927  0.61958  0.77255  0.48576  0.95510
     81   1.59004  4.09527  3.23657  2.96552  4.18067  2.25158  4.07879  3.57474  3.05818  3.27628  4.10714  3.16447  3.60038  3.34466  3.38510  1.92471  2.62369  3.05227  5.52445  4.30192     81 - -
          2.68618  4.42225  2.77519  2.73123  3.46354  2.40513  3.72494  3.29354  2.67741  2.69355  4.24690  2.90347  2.73739  3.18146  2.89801  2.37887  2.77519  2.98518  4.58477  3.61503
          0.03289  3.82692  4.54927  0.61958  0.77255  0.48576  0.95510
     82   2.99573  4.42822  4.26930  3.88405  3.34439  4.01597  4.62120  1.13621  3.71124  1.94073  3.28784  4.13582  4.45231  4.06474  3.91308  3.50756  3.29603  1.84711  5.22519  3.95898     82 - -
          2.68618  4.42225  2.77519  2.73123  3.46354  2.40513  3.72494  3.29354  2.67741  2.69355  4.24690  2.90347  2.73739  3.18146  2.89801  2.37887  2.77519  2.98518  4.58477  3.61503
          0.03289  3.82692  4.54927  0.61958  0.77255  0.48576  0.95510
     83   2.23096  4.14449  3.29160  2.93939  3.94349  2.04415  3.99400  3.26699  2.95271  3.02825  3.89982  3.18738  3.66654  3.27088  3.28270  2.05608  2.66339  2.31519  5.33159  4.08780     83 - -
          2.68618  4.42225  2.77519  2.73123  3.46354  2.40513  3.72494  3.29354  2.67741  2.69355  4.24690  2.90347  2.73739  3.18146  2.89801  2.37887  2.77519  2.98518  4.58477  3.61503
          0.03289  3.82692  4.54927  0.61958  0.77255  0.48576  0.95510
     84   2.52590  4.33079  3.32384  2.96675  3.59868  2.08288  3.95730  2.90438  2.89636  1.84940  3.68008  3.30073  3.85993  3.28363  3.19768  2.72152  2.87959  2.67453  5.08582  3.79696     84 - -
          2.68618  4.42225  2.77519  2.73123  3.46354  2.40513  3.72494  3.29354  2.67741  2.69355  4.24690  2.90347  2.73739  3.18146  2.89801  2.37887  2.77519  2.98518  4.58477  3.61503
          0.03289  3.82692  4.54927  0.61958  0.77255  0.48576  0.95510
     85   3.20160  4.61708  4.17601  3.88255  1.08934  3.90064  3.85910  2.73170  3.79089  2.11268  3.46914  3.96835  4.36082  3.97165  3.92185  3.47342  3.50301  2.71891  4.12302  2.49629     85 - -
          2.68618  4.42225  2.77519  2.73123  3.46354  2.40513  3.72494  3.29354  2.67741  2.69355  4.24690  2.90347  2.73739  3.18146  2.89801  2.37887  2.77519  2.98518  4.58477  3.61503
          0.03289  3.82692  4.54927  0.61958  0.77255  0.48576  0.95510
     86   2.99573  4.42822  4.26930  3.88405  3.34439  4.01597  4.62120  1.13621  3.71124  1.94073  3.28784  4.13582  4.45231  4.06474  3.91308  3.50756  3.29603  1.84711  5.22519  3.95898     86 - -
          2.68618  4.42225  2.77519  2.73123  3.46354  2.40513  3.72494  3.29354  2.67741  2.69355  4.24690  2.90347  2.73739  3.18146  2.89801  2.37887  2.77519  2.98518  4.58477  3.61503
          0.03289  3.82692  4.54927  0.61958  0.77255  0.48576  0.95510
     87   2.50406  4.28703  3.30312  2.79175  3.41496  2.91428  3.74970  2.49454  2.74007  2.55790  3.45907  3.19240  3.84920  3.07171  3.09335  2.40035  2.76667  2.59293  4.86530  3.00341     87 - -
          2.68618  4.42225  2.77519  2.73123  3.46354  2.40513  3.72494  3.29354  2.67741  2.69355  4.24690  2.90347  2.73739  3.18146  2.89801  2.37887  2.77519  2.98518  4.58477  3.61503
          0.03289  3.82692  4.54927  0.61958  0.77255  0.48576  0.95510
     88   3.10495  4.58121  4.11596  3.75646  3.11980  3.92355  4.42652  2.32239  3.52462  0.93343  3.15854  4.03626  4.36733  3.90389  3.70780  3.49033  3.40162  2.34773  4.98170  3.69422     88 - -
          2.68618  4.42225  2.77519  2.73123  3.46354  2.40513  3.72494  3.29354  2.67741  2.69355  4.24690  2.90347  2.73739  3.18146  2.89801  2.37887  2.77519  2.98518  4.58477  3.61503
          0.03289  3.82692  4.54927  0.61958  0.77255  0.48576  0.95510
     89   3.18285  4.69028  3.77166  3.49324  2.29687  3.77759  3.59967  3.19857  3.35207  2.66407  3.87857  3.66846  4.25287  3.66904  3.54480  3.32382  3.46953  3.06708  3.93862  1.04504     89 - -
          2.68618  4.42225  2.77519  2.73123  3.46354  2.40513  3.72494  3.29354  2.67741  2.69355  4.24690  2.90347  2.73739  3.18146  2.89801  2.37887  2.77519  2.98518  4.58477  3.61503
          0.03289  3.82692  4.54927  0.61958  0.77255  0.48576  0.95510
     90   2.91472  5.01414  2.47104  1.09200  4.35490  3.24583  3.82981  3.79979  2.70470  3.42466  4.40160  2.90960  3.84852  3.04700  3.10813  2.90233  3.21892  3.48868  5.53515  4.25837     90 - -
          2.68618  4.42225  2.77519  2.73123  3.46354  2.40513  3.72494  3.29354  2.67741  2.69355  4.24690  2.90347  2.73739  3.18146  2.89801  2.37887  2.77519  2.98518  4.58477  3.61503
          0.03289  3.82692  4.54927  0.61958  0.77255  0.48576  0.95510
     91   3.26242  4.65289  4.02311  3.71852  2.62314  3.68042  3.84657  3.28481  3.44200  2.68722  3.92065  3.87695  4.19456  3.83205  3.57812  3.46650  3.56070  3.17389  0.98241  2.62776     91 - -
          2.68618  4.42225  2.77519  2.73123  3.46354  2.40513  3.72494  3.29354  2.67741  2.69355  4.24690  2.90347  2.73739  3.18146  2.89801  2.37887  2.77519  2.98518  4.58477  3.61503
          0.03289  3.82692  4.54927  0.61958  0.77255  0.48576  0.95510
     92   2.99573  4.42822  4.26930  3.88405  3.34439  4.01597  4.62120  1.13621  3.71124  1.94073  3.28784  4.13582  4.45231  4.06474  3.91308  3.50756  3.29603  1.84711  5.22519  3.95898     92 - -
          2.68618  4.42225  2.77519  2.73123  3.46354  2.40513  3.72494  3.29354  2.67741  2.69355  4.24690  2.90347  2.73739  3.18146  2.89801  2.37887  2.77519  2.98518  4.58477  3.61503
          0.03289  3.82692  4.54927  0.61958  0.77255  0.48576  0.95510
     93   2.95555  4.79627  3.44171  2.96340  4.13933  3.45121  3.79380  3.67857  2.22269  3.20286  4.20502  3.32622  3.95673  3.01708  1.05037  3.04239  3.22508  3.40469  5.24132  4.07738     93 - -
          2.68618  4.42225  2.77519  2.73123  3.46354  2.40513  3.72494  3.29354  2.67741  2.69355  4.24690  2.90347  2.73739  3.18146  2.89801  2.37887  2.77519  2.98518  4.58477  3.61503
          0.03289  3.82692  4.54927  0.61958  0.77255  0.48576  0.95510
     94   1.64807  4.47119  3.00708  2.67288  4.02362  3.20056  3.80906  3.28362  2.18081  3.02932  3.93889  3.07390  3.78149  3.02587  2.86815  2.62190  2.84832  2.96103  5.33653  4.07059     94 - -
          2.68618  4.42225  2.77519  2.73123  3.46354  2.40513  3.72494  3.29354  2.67741  2.69355  4.24690  2.90347  2.73739  3.18146  2.89801  2.37887  2.77519  2.98518  4.58477  3.61503
          0.03289  3.82692  4.54927  0.61958  0.77255  0.48576  0.95510
     95   2.91962  5.00698  3.25989  2.68519  4.40754  3.53888  3.57102  3.78016  1.37972  3.27170  4.15253  3.10231  3.93891  2.71853  1.86107  2.93167  3.11065  3.47030  5.35330  4.15734     95 - -
          2.68618  4.42225  2.77519  2.73123  3.46354  2.40513  3.72494  3.29354  2.67741  2.69355  4.24690  2.90347  2.73739  3.18146  2.89801  2.37887  2.77519  2.98518  4.58477  3.61503
          0.03289  3.82692  4.54927  0.61958  0.77255  0.48576  0.95510
     96   3.05080  4.46161  4.36578  3.87924  1.73033  4.12310  4.15236  1.91997  3.75264  1.72847  3.07802  4.06300  4.44404  3.93429  3.92482  3.47854  3.29924  2.21827  4.50702  3.01391     96 - -
          2.68618  4.42225  2.77519  2.73123  3.46354  2.40513  3.72494  3.29354  2.67741  2.69355  4.24690  2.90347  2.73739  3.18146  2.89801  2.37887  2.77519  2.98518  4.58477  3.61503
          0.03289  3.82692  4.54927  0.61958  0.77255  0.48576  0.95510
     97   2.67947  4.73974  2.88690  2.22455  3.50123  3.41675  2.54718  3.36180  2.43220  2.95727  3.83857  2.97027  3.84583  2.84764  2.81530  2.72676  2.91233  3.07920  4.92134  2.84864     97 - -
          2.68618  4.42225  2.77519  2.73123  3.46354  2.40513  3.72494  3.29354  2.67741  2.69355  4.24690  2.90347  2.73739  3.18146  2.89801  2.37887  2.77519  2.98518  4.58477  3.61503
          0.03289  3.82692  4.54927  0.61958  0.77255  0.48576  0.95510
     98   2.58896  4.76188  2.41845  2.11341  4.04431  3.30312  3.63383  3.37888  2.48001  3.05566  3.89996  2.86328  3.76960  2.80164  2.94412  2.62182  2.49769  2.67641  5.33155  3.98962     98 - -
          2.68618  4.42225  2.77519  2.73123  3.46354  2.40513  3.72494  3.29354  2.67741  2.69355  4.24690  2.90347  2.73739  3.18146  2.89801  2.37887  2.77519  2.98518  4.58477  3.61503
          0.02226  3.81629        *  0.61958  0.77255  0.00000        *
//
